0 0.389273 0.170419 0.185231 0.109733
6 0.906240 0.163456 0.152732 0.106212
6 0.130996 0.300884 0.197522 0.104492
6 0.049498 0.430103 0.098995 0.099286
2 0.360856 0.425105 0.226742 0.121307
5 0.835900 0.404647 0.298344 0.154824
0 0.254673 0.548389 0.191041 0.092707
0 0.901685 0.556236 0.151767 0.091022
11 0.058330 0.659720 0.116661 0.139999
0 0.135202 0.678195 0.198578 0.086882
0 0.053862 0.807224 0.107724 0.082876
1 0.504019 0.800980 0.205298 0.094071
7 0.375292 0.934647 0.210489 0.088819